{
 "cells": [
  {
   "cell_type": "markdown",
   "metadata": {},
   "source": [
    "# 1. Introducción\n",
    "\n",
    "El dataset escogido es el [Student Performance Data Set](https://archive.ics.uci.edu/ml/datasets/Student+Performance), \n",
    "vale destacar que este dataset incluye las notas de matemáticas y portugués, pero en este caso solo tomaremos las notas de matemáticas, para no hacer el mismo análisis dos veces.\n",
    "\n",
    "# Información del dataset. \n",
    "\n",
    "(Sección copiada desde el repositorio y traducida)\n",
    "\n",
    "Estos datos muestran el logro estudiantil en la educación secundaria de dos escuelas portuguesas. Los atributos de los datos son acerca de las calificaciones de los estudiantes, características demográficas, sociales y relacionadas con la escuela, y fueron recolectadas usando cuestionarios y reportes escolares. \n",
    "\n",
    "\n",
    "Se proveen dos datasets relacionados con dos asignaturas distintas: Matemáticas (mat) y Portugués (Lenguaje)(por). En [Cortez y Silva, 2008], dos datasets fueron modelados clasificación binaria o de 5 niveles, y tareas de regresión. Nota importante: el atributo objetivo G3 tiene una fuerte correlación con los atributos G2 y G1. Esto ocurre porque G3 es la nota final del año (Emitida en el tercer periodo), mientras que G1 y G2 corresponden a las notas del primer y segundo periodo. Es mucho mas dificil predecir G3 sin G2 y G1, pero dicha predicción es mucho mas util (Ver informe para mas detalles).\n",
    "## Información de los atributos:\n",
    "\n",
    "## Ambos atributos sacados de student-mat.csv (Matemáticas) y student-por.csv (Portugués ):\n",
    "\n",
    "1. school - student's school (binary: 'GP' - Gabriel Pereira or 'MS' - Mousinho da Silveira) \n",
    "2. sex - student's sex (binary: 'F' - female or 'M' - male) \n",
    "3. age - student's age (numeric: from 15 to 22) \n",
    "4. address - student's home address type (binary: 'U' - urban or 'R' - rural) \n",
    "5. famsize - family size (binary: 'LE3' - less or equal to 3 or 'GT3' - greater than 3) \n",
    "6. Pstatus - parent's cohabitation status (binary: 'T' - living together or 'A' - apart) \n",
    "7. Medu - mother's education (numeric: 0 - none, 1 - primary education (4th grade), 2 - 5th to 9th grade, 3 - secondary education or 4 - higher education) \n",
    "8. Fedu - father's education (numeric: 0 - none, 1 - primary education (4th grade), 2 - 5th to 9th grade, 3 - secondary education or 4 - higher education) \n",
    "9. Mjob - mother's job (nominal: 'teacher', 'health' care related, civil 'services' (e.g. administrative or police), 'at_home' or 'other') \n",
    "10. Fjob - father's job (nominal: 'teacher', 'health' care related, civil 'services' (e.g. administrative or police), 'at_home' or 'other') \n",
    "11. reason - reason to choose this school (nominal: close to 'home', school 'reputation', 'course' preference or 'other') \n",
    "12. guardian - student's guardian (nominal: 'mother', 'father' or 'other') \n",
    "13. traveltime - home to school travel time (numeric: 1 - <15 min., 2 - 15 to 30 min., 3 - 30 min. to 1 hour, or 4 - >1 hour) \n",
    "14. studytime - weekly study time (numeric: 1 - <2 hours, 2 - 2 to 5 hours, 3 - 5 to 10 hours, or 4 - >10 hours) \n",
    "15. failures - number of past class failures (numeric: n if 1<=n<3, else 4) \n",
    "16. schoolsup - extra educational support (binary: yes or no) \n",
    "17. famsup - family educational support (binary: yes or no) \n",
    "18. paid - extra paid classes within the course subject (Math or Portuguese) (binary: yes or no) \n",
    "19. activities - extra-curricular activities (binary: yes or no) \n",
    "20. nursery - attended nursery school (binary: yes or no) \n",
    "21. higher - wants to take higher education (binary: yes or no) \n",
    "22. internet - Internet access at home (binary: yes or no) \n",
    "23. romantic - with a romantic relationship (binary: yes or no) \n",
    "24. famrel - quality of family relationships (numeric: from 1 - very bad to 5 - excellent) \n",
    "25. freetime - free time after school (numeric: from 1 - very low to 5 - very high) \n",
    "26. goout - going out with friends (numeric: from 1 - very low to 5 - very high) \n",
    "27. Dalc - workday alcohol consumption (numeric: from 1 - very low to 5 - very high) \n",
    "28. Walc - weekend alcohol consumption (numeric: from 1 - very low to 5 - very high) \n",
    "29. health - current health status (numeric: from 1 - very bad to 5 - very good) \n",
    "30. absences - number of school absences (numeric: from 0 to 93) \n",
    "\n",
    "## Notas relacionadas con cada asignatura en específico, matemáticas o portugués: \n",
    "\n",
    "31. G1 - first period grade (numeric: from 0 to 20) \n",
    "31. G2 - second period grade (numeric: from 0 to 20) \n",
    "32. G3 - final grade (numeric: from 0 to 20, output target)\n",
    "\n"
   ]
  },
  {
   "cell_type": "code",
   "execution_count": 74,
   "metadata": {},
   "outputs": [],
   "source": [
    "import numpy as np\n",
    "import matplotlib.pyplot as plt\n",
    "import scipy.stats as ss\n",
    "import pandas as pd\n",
    "import seaborn as sns\n",
    "from IPython.display import display, Markdown\n",
    "plt.style.use('fivethirtyeight')\n",
    "FIGSIZE=(12, 8)\n",
    "%matplotlib inline\n",
    "\n",
    "# para mostrar la información dentro del notebook más bonito.\n",
    "def pretty_print(text):\n",
    "    return display(Markdown(text))"
   ]
  },
  {
   "cell_type": "code",
   "execution_count": 75,
   "metadata": {},
   "outputs": [
    {
     "data": {
      "text/html": [
       "<div>\n",
       "<table border=\"1\" class=\"dataframe\">\n",
       "  <thead>\n",
       "    <tr style=\"text-align: right;\">\n",
       "      <th></th>\n",
       "      <th>school</th>\n",
       "      <th>sex</th>\n",
       "      <th>age</th>\n",
       "      <th>address</th>\n",
       "      <th>famsize</th>\n",
       "      <th>Pstatus</th>\n",
       "      <th>Medu</th>\n",
       "      <th>Fedu</th>\n",
       "      <th>Mjob</th>\n",
       "      <th>Fjob</th>\n",
       "      <th>...</th>\n",
       "      <th>famrel</th>\n",
       "      <th>freetime</th>\n",
       "      <th>goout</th>\n",
       "      <th>Dalc</th>\n",
       "      <th>Walc</th>\n",
       "      <th>health</th>\n",
       "      <th>absences</th>\n",
       "      <th>G1</th>\n",
       "      <th>G2</th>\n",
       "      <th>G3</th>\n",
       "    </tr>\n",
       "  </thead>\n",
       "  <tbody>\n",
       "    <tr>\n",
       "      <th>0</th>\n",
       "      <td>GP</td>\n",
       "      <td>F</td>\n",
       "      <td>18</td>\n",
       "      <td>U</td>\n",
       "      <td>GT3</td>\n",
       "      <td>A</td>\n",
       "      <td>4</td>\n",
       "      <td>4</td>\n",
       "      <td>at_home</td>\n",
       "      <td>teacher</td>\n",
       "      <td>...</td>\n",
       "      <td>4</td>\n",
       "      <td>3</td>\n",
       "      <td>4</td>\n",
       "      <td>1</td>\n",
       "      <td>1</td>\n",
       "      <td>3</td>\n",
       "      <td>6</td>\n",
       "      <td>5</td>\n",
       "      <td>6</td>\n",
       "      <td>6</td>\n",
       "    </tr>\n",
       "    <tr>\n",
       "      <th>1</th>\n",
       "      <td>GP</td>\n",
       "      <td>F</td>\n",
       "      <td>17</td>\n",
       "      <td>U</td>\n",
       "      <td>GT3</td>\n",
       "      <td>T</td>\n",
       "      <td>1</td>\n",
       "      <td>1</td>\n",
       "      <td>at_home</td>\n",
       "      <td>other</td>\n",
       "      <td>...</td>\n",
       "      <td>5</td>\n",
       "      <td>3</td>\n",
       "      <td>3</td>\n",
       "      <td>1</td>\n",
       "      <td>1</td>\n",
       "      <td>3</td>\n",
       "      <td>4</td>\n",
       "      <td>5</td>\n",
       "      <td>5</td>\n",
       "      <td>6</td>\n",
       "    </tr>\n",
       "    <tr>\n",
       "      <th>2</th>\n",
       "      <td>GP</td>\n",
       "      <td>F</td>\n",
       "      <td>15</td>\n",
       "      <td>U</td>\n",
       "      <td>LE3</td>\n",
       "      <td>T</td>\n",
       "      <td>1</td>\n",
       "      <td>1</td>\n",
       "      <td>at_home</td>\n",
       "      <td>other</td>\n",
       "      <td>...</td>\n",
       "      <td>4</td>\n",
       "      <td>3</td>\n",
       "      <td>2</td>\n",
       "      <td>2</td>\n",
       "      <td>3</td>\n",
       "      <td>3</td>\n",
       "      <td>10</td>\n",
       "      <td>7</td>\n",
       "      <td>8</td>\n",
       "      <td>10</td>\n",
       "    </tr>\n",
       "    <tr>\n",
       "      <th>3</th>\n",
       "      <td>GP</td>\n",
       "      <td>F</td>\n",
       "      <td>15</td>\n",
       "      <td>U</td>\n",
       "      <td>GT3</td>\n",
       "      <td>T</td>\n",
       "      <td>4</td>\n",
       "      <td>2</td>\n",
       "      <td>health</td>\n",
       "      <td>services</td>\n",
       "      <td>...</td>\n",
       "      <td>3</td>\n",
       "      <td>2</td>\n",
       "      <td>2</td>\n",
       "      <td>1</td>\n",
       "      <td>1</td>\n",
       "      <td>5</td>\n",
       "      <td>2</td>\n",
       "      <td>15</td>\n",
       "      <td>14</td>\n",
       "      <td>15</td>\n",
       "    </tr>\n",
       "    <tr>\n",
       "      <th>4</th>\n",
       "      <td>GP</td>\n",
       "      <td>F</td>\n",
       "      <td>16</td>\n",
       "      <td>U</td>\n",
       "      <td>GT3</td>\n",
       "      <td>T</td>\n",
       "      <td>3</td>\n",
       "      <td>3</td>\n",
       "      <td>other</td>\n",
       "      <td>other</td>\n",
       "      <td>...</td>\n",
       "      <td>4</td>\n",
       "      <td>3</td>\n",
       "      <td>2</td>\n",
       "      <td>1</td>\n",
       "      <td>2</td>\n",
       "      <td>5</td>\n",
       "      <td>4</td>\n",
       "      <td>6</td>\n",
       "      <td>10</td>\n",
       "      <td>10</td>\n",
       "    </tr>\n",
       "  </tbody>\n",
       "</table>\n",
       "<p>5 rows × 33 columns</p>\n",
       "</div>"
      ],
      "text/plain": [
       "  school sex  age address famsize Pstatus  Medu  Fedu     Mjob      Fjob ...  \\\n",
       "0     GP   F   18       U     GT3       A     4     4  at_home   teacher ...   \n",
       "1     GP   F   17       U     GT3       T     1     1  at_home     other ...   \n",
       "2     GP   F   15       U     LE3       T     1     1  at_home     other ...   \n",
       "3     GP   F   15       U     GT3       T     4     2   health  services ...   \n",
       "4     GP   F   16       U     GT3       T     3     3    other     other ...   \n",
       "\n",
       "  famrel freetime  goout  Dalc  Walc health absences  G1  G2  G3  \n",
       "0      4        3      4     1     1      3        6   5   6   6  \n",
       "1      5        3      3     1     1      3        4   5   5   6  \n",
       "2      4        3      2     2     3      3       10   7   8  10  \n",
       "3      3        2      2     1     1      5        2  15  14  15  \n",
       "4      4        3      2     1     2      5        4   6  10  10  \n",
       "\n",
       "[5 rows x 33 columns]"
      ]
     },
     "metadata": {},
     "output_type": "display_data"
    },
    {
     "data": {
      "text/markdown": [
       "**Columnas**: school, sex, age, address, famsize, Pstatus, Medu, Fedu, Mjob, Fjob, reason, guardian, traveltime, studytime, failures, schoolsup, famsup, paid, activities, nursery, higher, internet, romantic, famrel, freetime, goout, Dalc, Walc, health, absences, G1, G2, G3"
      ],
      "text/plain": [
       "<IPython.core.display.Markdown object>"
      ]
     },
     "metadata": {},
     "output_type": "display_data"
    }
   ],
   "source": [
    "df = pd.read_csv('data/student-mat.csv', sep=';')\n",
    "\n",
    "display(df.head())\n",
    "pretty_print(\"**Columnas**: %s\" % \", \".join(df.columns))"
   ]
  },
  {
   "cell_type": "markdown",
   "metadata": {},
   "source": [
    "# 2. Desarrollo"
   ]
  },
  {
   "cell_type": "markdown",
   "metadata": {},
   "source": [
    "## 2.1.  Estudio de estadística descriptiva de dos variables"
   ]
  },
  {
   "cell_type": "code",
   "execution_count": 76,
   "metadata": {
    "scrolled": false
   },
   "outputs": [
    {
     "data": {
      "text/html": [
       "<div>\n",
       "<table border=\"1\" class=\"dataframe\">\n",
       "  <thead>\n",
       "    <tr style=\"text-align: right;\">\n",
       "      <th></th>\n",
       "      <th>age</th>\n",
       "      <th>Medu</th>\n",
       "      <th>Fedu</th>\n",
       "      <th>traveltime</th>\n",
       "      <th>studytime</th>\n",
       "      <th>failures</th>\n",
       "      <th>famrel</th>\n",
       "      <th>freetime</th>\n",
       "      <th>goout</th>\n",
       "      <th>Dalc</th>\n",
       "      <th>Walc</th>\n",
       "      <th>health</th>\n",
       "      <th>absences</th>\n",
       "      <th>G1</th>\n",
       "      <th>G2</th>\n",
       "      <th>G3</th>\n",
       "    </tr>\n",
       "  </thead>\n",
       "  <tbody>\n",
       "    <tr>\n",
       "      <th>age</th>\n",
       "      <td>1.000000</td>\n",
       "      <td>-0.163658</td>\n",
       "      <td>-0.163438</td>\n",
       "      <td>0.070641</td>\n",
       "      <td>-0.004140</td>\n",
       "      <td>0.243665</td>\n",
       "      <td>0.053940</td>\n",
       "      <td>0.016434</td>\n",
       "      <td>0.126964</td>\n",
       "      <td>0.131125</td>\n",
       "      <td>0.117276</td>\n",
       "      <td>-0.062187</td>\n",
       "      <td>0.175230</td>\n",
       "      <td>-0.064081</td>\n",
       "      <td>-0.143474</td>\n",
       "      <td>-0.161579</td>\n",
       "    </tr>\n",
       "    <tr>\n",
       "      <th>Medu</th>\n",
       "      <td>-0.163658</td>\n",
       "      <td>1.000000</td>\n",
       "      <td>0.623455</td>\n",
       "      <td>-0.171639</td>\n",
       "      <td>0.064944</td>\n",
       "      <td>-0.236680</td>\n",
       "      <td>-0.003914</td>\n",
       "      <td>0.030891</td>\n",
       "      <td>0.064094</td>\n",
       "      <td>0.019834</td>\n",
       "      <td>-0.047123</td>\n",
       "      <td>-0.046878</td>\n",
       "      <td>0.100285</td>\n",
       "      <td>0.205341</td>\n",
       "      <td>0.215527</td>\n",
       "      <td>0.217147</td>\n",
       "    </tr>\n",
       "    <tr>\n",
       "      <th>Fedu</th>\n",
       "      <td>-0.163438</td>\n",
       "      <td>0.623455</td>\n",
       "      <td>1.000000</td>\n",
       "      <td>-0.158194</td>\n",
       "      <td>-0.009175</td>\n",
       "      <td>-0.250408</td>\n",
       "      <td>-0.001370</td>\n",
       "      <td>-0.012846</td>\n",
       "      <td>0.043105</td>\n",
       "      <td>0.002386</td>\n",
       "      <td>-0.012631</td>\n",
       "      <td>0.014742</td>\n",
       "      <td>0.024473</td>\n",
       "      <td>0.190270</td>\n",
       "      <td>0.164893</td>\n",
       "      <td>0.152457</td>\n",
       "    </tr>\n",
       "    <tr>\n",
       "      <th>traveltime</th>\n",
       "      <td>0.070641</td>\n",
       "      <td>-0.171639</td>\n",
       "      <td>-0.158194</td>\n",
       "      <td>1.000000</td>\n",
       "      <td>-0.100909</td>\n",
       "      <td>0.092239</td>\n",
       "      <td>-0.016808</td>\n",
       "      <td>-0.017025</td>\n",
       "      <td>0.028540</td>\n",
       "      <td>0.138325</td>\n",
       "      <td>0.134116</td>\n",
       "      <td>0.007501</td>\n",
       "      <td>-0.012944</td>\n",
       "      <td>-0.093040</td>\n",
       "      <td>-0.153198</td>\n",
       "      <td>-0.117142</td>\n",
       "    </tr>\n",
       "    <tr>\n",
       "      <th>studytime</th>\n",
       "      <td>-0.004140</td>\n",
       "      <td>0.064944</td>\n",
       "      <td>-0.009175</td>\n",
       "      <td>-0.100909</td>\n",
       "      <td>1.000000</td>\n",
       "      <td>-0.173563</td>\n",
       "      <td>0.039731</td>\n",
       "      <td>-0.143198</td>\n",
       "      <td>-0.063904</td>\n",
       "      <td>-0.196019</td>\n",
       "      <td>-0.253785</td>\n",
       "      <td>-0.075616</td>\n",
       "      <td>-0.062700</td>\n",
       "      <td>0.160612</td>\n",
       "      <td>0.135880</td>\n",
       "      <td>0.097820</td>\n",
       "    </tr>\n",
       "    <tr>\n",
       "      <th>failures</th>\n",
       "      <td>0.243665</td>\n",
       "      <td>-0.236680</td>\n",
       "      <td>-0.250408</td>\n",
       "      <td>0.092239</td>\n",
       "      <td>-0.173563</td>\n",
       "      <td>1.000000</td>\n",
       "      <td>-0.044337</td>\n",
       "      <td>0.091987</td>\n",
       "      <td>0.124561</td>\n",
       "      <td>0.136047</td>\n",
       "      <td>0.141962</td>\n",
       "      <td>0.065827</td>\n",
       "      <td>0.063726</td>\n",
       "      <td>-0.354718</td>\n",
       "      <td>-0.355896</td>\n",
       "      <td>-0.360415</td>\n",
       "    </tr>\n",
       "    <tr>\n",
       "      <th>famrel</th>\n",
       "      <td>0.053940</td>\n",
       "      <td>-0.003914</td>\n",
       "      <td>-0.001370</td>\n",
       "      <td>-0.016808</td>\n",
       "      <td>0.039731</td>\n",
       "      <td>-0.044337</td>\n",
       "      <td>1.000000</td>\n",
       "      <td>0.150701</td>\n",
       "      <td>0.064568</td>\n",
       "      <td>-0.077594</td>\n",
       "      <td>-0.113397</td>\n",
       "      <td>0.094056</td>\n",
       "      <td>-0.044354</td>\n",
       "      <td>0.022168</td>\n",
       "      <td>-0.018281</td>\n",
       "      <td>0.051363</td>\n",
       "    </tr>\n",
       "    <tr>\n",
       "      <th>freetime</th>\n",
       "      <td>0.016434</td>\n",
       "      <td>0.030891</td>\n",
       "      <td>-0.012846</td>\n",
       "      <td>-0.017025</td>\n",
       "      <td>-0.143198</td>\n",
       "      <td>0.091987</td>\n",
       "      <td>0.150701</td>\n",
       "      <td>1.000000</td>\n",
       "      <td>0.285019</td>\n",
       "      <td>0.209001</td>\n",
       "      <td>0.147822</td>\n",
       "      <td>0.075733</td>\n",
       "      <td>-0.058078</td>\n",
       "      <td>0.012613</td>\n",
       "      <td>-0.013777</td>\n",
       "      <td>0.011307</td>\n",
       "    </tr>\n",
       "    <tr>\n",
       "      <th>goout</th>\n",
       "      <td>0.126964</td>\n",
       "      <td>0.064094</td>\n",
       "      <td>0.043105</td>\n",
       "      <td>0.028540</td>\n",
       "      <td>-0.063904</td>\n",
       "      <td>0.124561</td>\n",
       "      <td>0.064568</td>\n",
       "      <td>0.285019</td>\n",
       "      <td>1.000000</td>\n",
       "      <td>0.266994</td>\n",
       "      <td>0.420386</td>\n",
       "      <td>-0.009577</td>\n",
       "      <td>0.044302</td>\n",
       "      <td>-0.149104</td>\n",
       "      <td>-0.162250</td>\n",
       "      <td>-0.132791</td>\n",
       "    </tr>\n",
       "    <tr>\n",
       "      <th>Dalc</th>\n",
       "      <td>0.131125</td>\n",
       "      <td>0.019834</td>\n",
       "      <td>0.002386</td>\n",
       "      <td>0.138325</td>\n",
       "      <td>-0.196019</td>\n",
       "      <td>0.136047</td>\n",
       "      <td>-0.077594</td>\n",
       "      <td>0.209001</td>\n",
       "      <td>0.266994</td>\n",
       "      <td>1.000000</td>\n",
       "      <td>0.647544</td>\n",
       "      <td>0.077180</td>\n",
       "      <td>0.111908</td>\n",
       "      <td>-0.094159</td>\n",
       "      <td>-0.064120</td>\n",
       "      <td>-0.054660</td>\n",
       "    </tr>\n",
       "    <tr>\n",
       "      <th>Walc</th>\n",
       "      <td>0.117276</td>\n",
       "      <td>-0.047123</td>\n",
       "      <td>-0.012631</td>\n",
       "      <td>0.134116</td>\n",
       "      <td>-0.253785</td>\n",
       "      <td>0.141962</td>\n",
       "      <td>-0.113397</td>\n",
       "      <td>0.147822</td>\n",
       "      <td>0.420386</td>\n",
       "      <td>0.647544</td>\n",
       "      <td>1.000000</td>\n",
       "      <td>0.092476</td>\n",
       "      <td>0.136291</td>\n",
       "      <td>-0.126179</td>\n",
       "      <td>-0.084927</td>\n",
       "      <td>-0.051939</td>\n",
       "    </tr>\n",
       "    <tr>\n",
       "      <th>health</th>\n",
       "      <td>-0.062187</td>\n",
       "      <td>-0.046878</td>\n",
       "      <td>0.014742</td>\n",
       "      <td>0.007501</td>\n",
       "      <td>-0.075616</td>\n",
       "      <td>0.065827</td>\n",
       "      <td>0.094056</td>\n",
       "      <td>0.075733</td>\n",
       "      <td>-0.009577</td>\n",
       "      <td>0.077180</td>\n",
       "      <td>0.092476</td>\n",
       "      <td>1.000000</td>\n",
       "      <td>-0.029937</td>\n",
       "      <td>-0.073172</td>\n",
       "      <td>-0.097720</td>\n",
       "      <td>-0.061335</td>\n",
       "    </tr>\n",
       "    <tr>\n",
       "      <th>absences</th>\n",
       "      <td>0.175230</td>\n",
       "      <td>0.100285</td>\n",
       "      <td>0.024473</td>\n",
       "      <td>-0.012944</td>\n",
       "      <td>-0.062700</td>\n",
       "      <td>0.063726</td>\n",
       "      <td>-0.044354</td>\n",
       "      <td>-0.058078</td>\n",
       "      <td>0.044302</td>\n",
       "      <td>0.111908</td>\n",
       "      <td>0.136291</td>\n",
       "      <td>-0.029937</td>\n",
       "      <td>1.000000</td>\n",
       "      <td>-0.031003</td>\n",
       "      <td>-0.031777</td>\n",
       "      <td>0.034247</td>\n",
       "    </tr>\n",
       "    <tr>\n",
       "      <th>G1</th>\n",
       "      <td>-0.064081</td>\n",
       "      <td>0.205341</td>\n",
       "      <td>0.190270</td>\n",
       "      <td>-0.093040</td>\n",
       "      <td>0.160612</td>\n",
       "      <td>-0.354718</td>\n",
       "      <td>0.022168</td>\n",
       "      <td>0.012613</td>\n",
       "      <td>-0.149104</td>\n",
       "      <td>-0.094159</td>\n",
       "      <td>-0.126179</td>\n",
       "      <td>-0.073172</td>\n",
       "      <td>-0.031003</td>\n",
       "      <td>1.000000</td>\n",
       "      <td>0.852118</td>\n",
       "      <td>0.801468</td>\n",
       "    </tr>\n",
       "    <tr>\n",
       "      <th>G2</th>\n",
       "      <td>-0.143474</td>\n",
       "      <td>0.215527</td>\n",
       "      <td>0.164893</td>\n",
       "      <td>-0.153198</td>\n",
       "      <td>0.135880</td>\n",
       "      <td>-0.355896</td>\n",
       "      <td>-0.018281</td>\n",
       "      <td>-0.013777</td>\n",
       "      <td>-0.162250</td>\n",
       "      <td>-0.064120</td>\n",
       "      <td>-0.084927</td>\n",
       "      <td>-0.097720</td>\n",
       "      <td>-0.031777</td>\n",
       "      <td>0.852118</td>\n",
       "      <td>1.000000</td>\n",
       "      <td>0.904868</td>\n",
       "    </tr>\n",
       "    <tr>\n",
       "      <th>G3</th>\n",
       "      <td>-0.161579</td>\n",
       "      <td>0.217147</td>\n",
       "      <td>0.152457</td>\n",
       "      <td>-0.117142</td>\n",
       "      <td>0.097820</td>\n",
       "      <td>-0.360415</td>\n",
       "      <td>0.051363</td>\n",
       "      <td>0.011307</td>\n",
       "      <td>-0.132791</td>\n",
       "      <td>-0.054660</td>\n",
       "      <td>-0.051939</td>\n",
       "      <td>-0.061335</td>\n",
       "      <td>0.034247</td>\n",
       "      <td>0.801468</td>\n",
       "      <td>0.904868</td>\n",
       "      <td>1.000000</td>\n",
       "    </tr>\n",
       "  </tbody>\n",
       "</table>\n",
       "</div>"
      ],
      "text/plain": [
       "                 age      Medu      Fedu  traveltime  studytime  failures  \\\n",
       "age         1.000000 -0.163658 -0.163438    0.070641  -0.004140  0.243665   \n",
       "Medu       -0.163658  1.000000  0.623455   -0.171639   0.064944 -0.236680   \n",
       "Fedu       -0.163438  0.623455  1.000000   -0.158194  -0.009175 -0.250408   \n",
       "traveltime  0.070641 -0.171639 -0.158194    1.000000  -0.100909  0.092239   \n",
       "studytime  -0.004140  0.064944 -0.009175   -0.100909   1.000000 -0.173563   \n",
       "failures    0.243665 -0.236680 -0.250408    0.092239  -0.173563  1.000000   \n",
       "famrel      0.053940 -0.003914 -0.001370   -0.016808   0.039731 -0.044337   \n",
       "freetime    0.016434  0.030891 -0.012846   -0.017025  -0.143198  0.091987   \n",
       "goout       0.126964  0.064094  0.043105    0.028540  -0.063904  0.124561   \n",
       "Dalc        0.131125  0.019834  0.002386    0.138325  -0.196019  0.136047   \n",
       "Walc        0.117276 -0.047123 -0.012631    0.134116  -0.253785  0.141962   \n",
       "health     -0.062187 -0.046878  0.014742    0.007501  -0.075616  0.065827   \n",
       "absences    0.175230  0.100285  0.024473   -0.012944  -0.062700  0.063726   \n",
       "G1         -0.064081  0.205341  0.190270   -0.093040   0.160612 -0.354718   \n",
       "G2         -0.143474  0.215527  0.164893   -0.153198   0.135880 -0.355896   \n",
       "G3         -0.161579  0.217147  0.152457   -0.117142   0.097820 -0.360415   \n",
       "\n",
       "              famrel  freetime     goout      Dalc      Walc    health  \\\n",
       "age         0.053940  0.016434  0.126964  0.131125  0.117276 -0.062187   \n",
       "Medu       -0.003914  0.030891  0.064094  0.019834 -0.047123 -0.046878   \n",
       "Fedu       -0.001370 -0.012846  0.043105  0.002386 -0.012631  0.014742   \n",
       "traveltime -0.016808 -0.017025  0.028540  0.138325  0.134116  0.007501   \n",
       "studytime   0.039731 -0.143198 -0.063904 -0.196019 -0.253785 -0.075616   \n",
       "failures   -0.044337  0.091987  0.124561  0.136047  0.141962  0.065827   \n",
       "famrel      1.000000  0.150701  0.064568 -0.077594 -0.113397  0.094056   \n",
       "freetime    0.150701  1.000000  0.285019  0.209001  0.147822  0.075733   \n",
       "goout       0.064568  0.285019  1.000000  0.266994  0.420386 -0.009577   \n",
       "Dalc       -0.077594  0.209001  0.266994  1.000000  0.647544  0.077180   \n",
       "Walc       -0.113397  0.147822  0.420386  0.647544  1.000000  0.092476   \n",
       "health      0.094056  0.075733 -0.009577  0.077180  0.092476  1.000000   \n",
       "absences   -0.044354 -0.058078  0.044302  0.111908  0.136291 -0.029937   \n",
       "G1          0.022168  0.012613 -0.149104 -0.094159 -0.126179 -0.073172   \n",
       "G2         -0.018281 -0.013777 -0.162250 -0.064120 -0.084927 -0.097720   \n",
       "G3          0.051363  0.011307 -0.132791 -0.054660 -0.051939 -0.061335   \n",
       "\n",
       "            absences        G1        G2        G3  \n",
       "age         0.175230 -0.064081 -0.143474 -0.161579  \n",
       "Medu        0.100285  0.205341  0.215527  0.217147  \n",
       "Fedu        0.024473  0.190270  0.164893  0.152457  \n",
       "traveltime -0.012944 -0.093040 -0.153198 -0.117142  \n",
       "studytime  -0.062700  0.160612  0.135880  0.097820  \n",
       "failures    0.063726 -0.354718 -0.355896 -0.360415  \n",
       "famrel     -0.044354  0.022168 -0.018281  0.051363  \n",
       "freetime   -0.058078  0.012613 -0.013777  0.011307  \n",
       "goout       0.044302 -0.149104 -0.162250 -0.132791  \n",
       "Dalc        0.111908 -0.094159 -0.064120 -0.054660  \n",
       "Walc        0.136291 -0.126179 -0.084927 -0.051939  \n",
       "health     -0.029937 -0.073172 -0.097720 -0.061335  \n",
       "absences    1.000000 -0.031003 -0.031777  0.034247  \n",
       "G1         -0.031003  1.000000  0.852118  0.801468  \n",
       "G2         -0.031777  0.852118  1.000000  0.904868  \n",
       "G3          0.034247  0.801468  0.904868  1.000000  "
      ]
     },
     "metadata": {},
     "output_type": "display_data"
    },
    {
     "data": {
      "text/markdown": [
       "### Máxima correlación por variable"
      ],
      "text/plain": [
       "<IPython.core.display.Markdown object>"
      ]
     },
     "metadata": {},
     "output_type": "display_data"
    },
    {
     "data": {
      "text/markdown": [
       "|Var1|Var2|Corr|\n",
       "|:--:|:--:|:--:|\n",
       "|age|failures|0.243665|\n",
       "|Medu|Fedu|0.623455|\n",
       "|traveltime|Dalc|0.138325|\n",
       "|studytime|G1|0.160612|\n",
       "|famrel|freetime|0.150701|\n",
       "|freetime|goout|0.285019|\n",
       "|goout|Walc|0.420386|\n",
       "|Dalc|Walc|0.647544|\n",
       "|health|famrel|0.094056|\n",
       "|absences|age|0.175230|\n",
       "|G1|G2|0.852118|\n",
       "|G2|G3|0.904868|\n"
      ],
      "text/plain": [
       "<IPython.core.display.Markdown object>"
      ]
     },
     "metadata": {},
     "output_type": "display_data"
    }
   ],
   "source": [
    "general_correlation = df.corr()\n",
    "display(general_correlation)\n",
    "# para no imprimir la doble relación\n",
    "already_printed = set()\n",
    "\n",
    "pretty_print(\"### Máxima correlación por variable\")\n",
    "final_output = \"|Var1|Var2|Corr|\\n\"\n",
    "final_output += \"|:--:|:--:|:--:|\\n\"\n",
    "for current, row in general_correlation.iterrows():\n",
    "    max_correlation_i = row[row.index != current].idxmax()\n",
    "    \n",
    "    if (current, max_correlation_i) not in already_printed:\n",
    "        final_output += \"|%s|%s|%f|\\n\" % (current, max_correlation_i, row[max_correlation_i])\n",
    "        \n",
    "    already_printed.add((current, max_correlation_i))\n",
    "    already_printed.add((current, max_correlation_i)[::-1])\n",
    "pretty_print(final_output)"
   ]
  },
  {
   "cell_type": "markdown",
   "metadata": {},
   "source": [
    "Se puede apreciar que existe una correlación muy alta entre `(G1, G2)` y `(G2, G3)`, pero estas se omitirán ya que son objetivo del **target**.\n",
    "Una correlación no menor se aprecia entre Medu y Fedu, que son la educación de la madre y del padre, respectivamente, números que varían desde el 0 al 4, mientras mayor sea la educación. Tiene sentido que los padres de los alumnos tengan un nivel de educción similar.\n",
    "También se aprecia una correlacion notable entre Dalc y Walc, que corresponden a la tasa de consumo de alcohol durante la semana, y durante el fín de semana. Tiene sentido que estén relacionadas ya que alguien que consume alcohol durante la semana suele hacerlo también durante el fin de semana.\n",
    "Nos gustaría conocer si existe alguna relación entre el <span style='color:blue'>\"studytime\"</span> y el <span style='color:blue'>\"G3\"</span>(Nota final), por eso escogeremos estas 2 variables. "
   ]
  },
  {
   "cell_type": "code",
   "execution_count": 77,
   "metadata": {
    "scrolled": false
   },
   "outputs": [],
   "source": [
    "final_grade = df['G3']\n",
    "description_final_grade = final_grade.describe()\n",
    "description_final_grade['kurtosis'] = final_grade.kurtosis()\n",
    "description_final_grade['skew'] = final_grade.skew()\n",
    "description_final_grade['max'] = final_grade.max()\n",
    "\n",
    "studytime = df['studytime']\n",
    "description_studytime = studytime.describe()\n",
    "description_studytime['kurtosis'] = studytime.kurtosis()\n",
    "description_studytime['skew'] = studytime.kurtosis()\n",
    "description_studytime['max'] = studytime.max()\n",
    "\n",
    "## formato general de la muestra de datos\n",
    "text_format = \"\"\"\n",
    "### {title}\n",
    "**Cantidad de datos**: {count: .0f}  \n",
    "**Promedio**: {mean: .2f}  \n",
    "**Desviación Estándar**: {std: .2f}  \n",
    "**Mínimo**: {min: .0f}  \n",
    "**Máximo**: {max: .0f}  \n",
    "**25%**: {25%: .0f}  \n",
    "**50%**: {50%: .0f}  \n",
    "**75%**: {75%: .0f}  \n",
    "**Sesgo**: {skew: .5f}  \n",
    "**Kurtosis**: {kurtosis: .5f}  \n",
    "\"\"\"\n"
   ]
  },
  {
   "cell_type": "code",
   "execution_count": 78,
   "metadata": {
    "scrolled": true
   },
   "outputs": [
    {
     "data": {
      "text/markdown": [
       "\n",
       "### Análisis descriptivo: Nota final\n",
       "**Cantidad de datos**:  395  \n",
       "**Promedio**:  10.42  \n",
       "**Desviación Estándar**:  4.58  \n",
       "**Mínimo**:  0  \n",
       "**Máximo**:  20  \n",
       "**25%**:  8  \n",
       "**50%**:  11  \n",
       "**75%**:  14  \n",
       "**Sesgo**: -0.73267  \n",
       "**Kurtosis**:  0.40342  \n"
      ],
      "text/plain": [
       "<IPython.core.display.Markdown object>"
      ]
     },
     "metadata": {},
     "output_type": "display_data"
    }
   ],
   "source": [
    "pretty_print(text_format.format(**description_final_grade, title=\"Análisis descriptivo: Nota final\"))"
   ]
  },
  {
   "cell_type": "markdown",
   "metadata": {},
   "source": [
    "Es interesante notar que el promedio se encuentra muy cercano al centro de los datos, y que $Q_3$ siga cercano, lo que podría dar una sensación de centralización en 10."
   ]
  },
  {
   "cell_type": "code",
   "execution_count": 79,
   "metadata": {},
   "outputs": [
    {
     "data": {
      "text/markdown": [
       "\n",
       "### Análisis descriptivo: Tiempo de estudio\n",
       "**Cantidad de datos**:  395  \n",
       "**Promedio**:  2.04  \n",
       "**Desviación Estándar**:  0.84  \n",
       "**Mínimo**:  1  \n",
       "**Máximo**:  4  \n",
       "**25%**:  1  \n",
       "**50%**:  2  \n",
       "**75%**:  2  \n",
       "**Sesgo**: -0.01443  \n",
       "**Kurtosis**: -0.01443  \n"
      ],
      "text/plain": [
       "<IPython.core.display.Markdown object>"
      ]
     },
     "metadata": {},
     "output_type": "display_data"
    }
   ],
   "source": [
    "pretty_print(text_format.format(**description_studytime, title=\"Análisis descriptivo: Tiempo de estudio\"))"
   ]
  },
  {
   "cell_type": "markdown",
   "metadata": {},
   "source": [
    "En la descripción del dataset, se puede notar que la encuesta consideraba desde 1 hora hasta las 10 horas, sin embargo, la mayor parte del estudiantado **no superaba las dos horas** ($\\overline{X} \\approx 2$ y el tercer quintil es 2)"
   ]
  },
  {
   "cell_type": "markdown",
   "metadata": {},
   "source": [
    "## 2.2 Visualización de cada variable\n",
    "\n",
    "A continuación se generarán 3 gráficos descriptivos por cada variable seleccionada. Estos gráficos serán:\n",
    "\n",
    "* Histograma\n",
    "* Histograma de frecuencia acumulada (Ojiva)\n",
    "* Box plot"
   ]
  },
  {
   "cell_type": "markdown",
   "metadata": {},
   "source": [
    "### 2.2.1 Nota final"
   ]
  },
  {
   "cell_type": "code",
   "execution_count": 80,
   "metadata": {},
   "outputs": [
    {
     "data": {
